     1	87380  32768  32768    10.34     352.32   
     2	87380  32768  32768    10.34     356.35   
     3	87380  32768  32768    10.34     351.55   
     4	87380  32768  32768    10.35     348.92   
     5	87380  32768  32768    10.34     348.58   
     6	87380  32768  32768    10.35     345.96   
     7	87380  32768  32768    10.35     347.29   
     8	87380  32768  32768    10.34     353.69   
     9	87380  32768  32768    10.34     347.36   
    10	87380  32768  32768    10.34     358.31   
